1.911187539442886552e+00
-1.516003604150362172e+00
-1.287709810128223886e-01
-9.597576885879612885e-01
1.598781670727427384e+00
8.420313270081231094e-01
-9.423620357083799526e-01
7.436974414518878973e+00
-3.294180899660109674e+01
-5.857529123954367378e+01
-6.071408285455066789e+01
-2.977844190397325264e+01
-6.561983274809824351e+00
-3.080630168571642180e+00
-9.420750775945565536e+00
5.934195570835634648e+00
-1.019898737525164201e+01
-2.256660079875517866e+01
-1.093139008443367999e+01
2.579301854651212089e+00
7.103539410073586580e-02
-1.002473803113234041e+01
3.046870381030512664e+00
-3.370217921270394434e+00
-1.126406045745822260e+00
2.758056730693379421e+00
1.999339769488878593e+00
-6.196712954748647917e+00
1.325118541002935135e+00
2.706531624255168023e+00
-1.740054705629154341e+01
-1.652797978556845493e+01
-1.707526379794677496e+01
-1.981349190549148886e+01
-2.207175389912060481e+01
-1.751194136022852987e+01
-1.228069184371743638e+01
-8.788294057522454850e+00
-3.469405267957259298e+01
-2.751335019964948359e+01
-4.272760227116287979e+01
-5.503507768946315082e+01
-3.676915567384494921e+01
-1.479412182830319189e+01
-8.671397214179748403e+00
-7.656496529148004271e+00
-7.383076339044145620e+00
-1.219071901825554782e+01
6.349920866944042785e+00
-3.681775597152524337e+00
-4.254849531135303664e+01
1.550984782475670620e-01
-1.960466493646300101e+00
-2.447696954176529882e+00
-2.805270449307543323e+00
-1.737983762484681227e+00
1.401391246229447995e+00
3.260495121286379305e+00
3.423306727172719111e+00
1.993689519246350628e+00
-9.382308393286039605e-01
-2.620587477406267407e+00
-2.833486472597611439e+00
-1.527216004310911091e+00
4.650585684888254856e-01
4.745340974105952819e-02
5.762561394033072659e+00
-6.969449184837891442e-01
-1.592574679290087891e+00
-1.330527216683678349e+00
1.454847063339109958e+00
3.781642348570880774e+00
6.713450462022818144e+00
-9.229027869565706865e+00
-1.330402412734379070e+01
6.513040345603300807e+00
3.780477403615172705e+00
-2.752721721725952531e+00
-8.890712719079713722e+00
7.855913631365342376e+00
-7.240759868817284728e-01
9.775475638503225428e-02
-2.172195925257231597e+00
3.550158433194571916e+00
-1.965881294709535432e+00
2.124902573234045189e+00
9.084450629232208030e-01
-2.725476906981759040e+00
-9.437934000014357172e-02
3.080541919557209685e+00
-1.311191260346172394e+00
-1.932303630079527323e+00
-1.501761299371695557e+00
-7.023344082785910603e-01
1.273394197871687616e+00
1.586179162682580523e+00
-3.940035663776361829e+00
-7.126950527224757970e-01
1.070961588180044499e+00
8.203148479998507714e-01
6.641508037272800813e-01
4.556075666906870936e+00
-1.508628072341076320e+00
-2.766585433602627653e+00
-2.773771441735967791e+00
7.146188357525327106e-01
2.366664194445488034e-01
3.793047992491334619e-01
-5.543578919262412974e-01
2.309604432326241685e+00
-2.364307904098794211e+00
6.872578211242057478e-01
-1.108196594682422820e+00
-6.138356176734767189e+00
-7.763176518629170353e+00
-6.592226193634687093e+00
3.384922600879452514e-01
2.362519802798258350e+00
-4.574520213608402663e+00
8.091009442065953294e+00
-3.804063177034196386e+00
5.966818266469105403e+00
6.349920866944072095e+00
1.685204193940923645e+01
2.583139195264789123e+01
-2.056711309657642772e+01
-5.542689479888523785e+00
1.486504792113160445e+00
3.938730814501322897e+00
7.815941186405759744e+00
1.625864122061439332e+01
2.227090558162107570e+01
-1.093470830071956179e+01
-1.235019618334824720e+01
-3.597726499856603422e+00
5.438361603262183763e+00
-2.295814208869413786e+00
-8.840334713622668872e+00
2.658849657996760030e+01
2.087843260912528365e+01
9.294843947031225184e+00
-2.957615477190000952e+00
-8.696665117679446055e+00
1.503256492160780056e+00
-2.856587648979188376e+00
8.623310730043634020e-01
7.030545550319737380e+00
-5.434074525027790870e+00
-1.793812045681853817e+01
1.779849227945957324e+01
6.802296111670449896e+00
-4.216633858007900137e+00
3.391456749993106978e+00
-6.034722952681478958e+00
-7.044977994637089402e-01
-3.837225685653331997e+00
6.418934321038289426e+00
-7.962216967370993714e+00
4.892239165234151699e+00
2.190016026870870824e+00
-3.898675769972579808e+00
9.191562636875229009e-01
5.864039215306769748e+00
4.271107891680265389e+00
4.116754472128634768e-01
-7.255223575780069822e+00
-1.715272204237014364e+01
-2.645666423168931303e+01
2.211670083942517095e+01
1.939402678530841939e+01
2.847507467919306645e+00
9.711052312947400234e-01
-9.766309905592718277e-01
-4.207112143035591778e+00
-8.379423909789942115e+00
-1.621280645605808601e+01
1.386742903692072204e+01
1.240604678166351249e+01
-1.169265056511349954e+01
-7.844683873806946872e-01
6.510186464971359221e-01
3.624392982284894704e-01
-4.455881521024198100e-01
3.850492234463495644e-01
-4.053428095729842084e+00
2.854701491854372719e+00
-4.076500561019238966e-01
-1.594438619188419670e+00
1.786320437497481151e-01
-5.522498494004695058e-01
1.232294227017553645e+00
1.738590372749347912e+00
4.600437237937605728e-01
-2.501877240154628534e+00
-7.240759868817780998e-01
9.775475638506889164e-02
-2.172195925257298654e+00
3.550158433194488428e+00
-1.965881294709516336e+00
2.124902573233975467e+00
9.084450629232159180e-01
-2.725476906981855407e+00
1.273104584127388961e+01
3.033396932285305603e+00
1.900138019380889776e-01
3.443973734838801537e+00
7.057522773902954683e+00
1.243494018842911331e+00
-7.923211302796862476e+00
-4.369971769536891593e+00
-7.245794871908810997e+00
2.482447919883171927e+00
2.921282387140206271e+00
9.390877516051698848e-01
2.833403506825325824e+00
-3.596253564609451503e-02
-5.462353857195069828e+00
1.339521639042017487e+00
-3.462527133375696842e+00
7.527621176218034726e+00
2.917253201165785015e+00
-6.113669347334600435e-01
-7.931147078259848104e-01
-1.518908254284028647e+00
-1.310764035776160075e+00
-1.218000198487085184e+00
-1.740737248855167341e+00
2.449239427740968811e+00
6.217476133025496843e-01
-3.923429458375117529e-02
3.378204119126646532e-01
-1.170432321760451089e+00
3.904982737066086673e-01
-3.143776747136298733e-01
-1.284812457696776544e+00
-9.090279535318948945e+00
1.390973923847045057e+01
3.244421786337163383e+00
-2.072684765477683655e+00
-1.251446087413718544e+01
2.158704815129759425e+00
5.826604218699488413e+00
-2.340363292305367438e+00
1.364537525394002637e+00
5.681467595998495046e-01
-9.488350006033373640e-01
4.807118794358010705e-01
1.218502259126685194e+00
3.152459908199453098e-01
-1.497743987206274552e+00
3.178770661700196598e+01
4.485056160601883946e+00
-4.715205009394106139e-01
3.491994514392030347e+00
7.103084459288328212e+00
4.356689068673999543e+01
2.604897003175275927e+01
1.401749143129432618e+01
-4.705013047929762493e+00
1.425508161629568704e+01
3.450388011288283430e+00
1.155327638102039201e+00
1.323931109625784419e+00
-1.420285324544450223e+00
1.076448020362640978e+00
-8.197570790199135260e+00
-5.877049139872233319e+00
-1.110771115896468819e+00
7.665884598040107356e+00
-5.209820212109439908e+00
-1.204156977603205947e+00
1.323931109625968050e+00
-3.723472131236094662e-01
-8.570465095024087931e-01
2.446455047696846918e+01
-7.418346547513743339e+00
-1.301634786825525136e-01
7.376316460271820752e+00
3.827022055043209470e+00
-2.648478590936500066e+00
1.216861453174637564e+00
-2.369326883824291130e+00
3.251399275458700444e+00
-1.044600229090926424e+00
-1.143001329815858647e+01
3.126840094898811540e+00
9.784476291400204806e-01
-1.474021343072196358e-02
1.118498067546610963e+00
-1.181904534304201615e+00
-3.122378418207870965e+01
-1.661007918434642860e+01
-2.836157278227443257e+01
-9.415137573269113602e+00
3.313490938498827809e+00
1.112197109483408930e+01
4.562208551029968362e+00
2.365996876124055515e+00
3.338089004597930565e+00
-3.537756020534444268e+00
8.709804146866938268e+00
-1.052282153697193756e+01
-4.289848516388561706e+01
-8.071701390778356355e+00
7.577706787592915383e+00
2.012248494078434202e+00
-2.174787542733433554e+00
-4.380432813351771593e+00
3.802740271791125792e+01
3.323364554388147951e+01
9.915839428502716046e+00
2.488814449975618626e+00
1.628602979319765254e+01
1.418578048864227803e+01
9.687397027511407188e+00
-5.984701496800464149e+00
-3.815522127831611154e+00
7.909484452956185407e+00
-9.104622950002865256e-01
-1.799075878858320099e+00
-7.663184511114788933e-01
2.358423248426093011e+01
7.780191416849350894e+00
8.912907742373134212e+00
4.303846098518921082e+01
1.230317634413062144e+01
1.166683819638272368e+01
1.222906356078531687e+01
1.282413670285358087e+01
-9.025844927077992796e-01
3.885944183805548402e+00
-7.292144151534708740e+00
5.150056659899132860e+00
-8.443051605776188406e-01
-1.072240135485929002e+01
-2.115904456908806353e+01
4.494695004155787821e+00
8.098068098336375087e+00
-6.975932353779906947e+00
-1.544810488015111671e+00
2.108165591716688603e+00
3.601597419335480765e+01
6.496693852443706341e+00
9.035114700016116274e+00
1.287671886777452634e+01
1.036879377143357672e+01
8.541427593773788018e+00
-8.675377499030840767e-01
1.175379203373332260e+01
6.165236979313448273e+00
1.772933203048983231e+01
5.405582406456468370e+00
1.005410006241947087e+02
-4.376550427454156456e+00
1.486623703668890961e+01
3.435196487311822811e+00
1.341547038163553651e+01
1.363571008979063581e+00
1.056061058863237321e+02
-8.008245756892177880e+00
1.857300507876164630e+01
-1.053577409034175183e+01
-7.856295222905941067e+00
-1.548073462155550972e+00
2.700893620244301463e+00
4.318462373200630644e+00
